591439
350850
165514
077431
645814
664648
967105
890345
247917
776713
368713
754921
995609
968640
489787
696968
077641
491733
537698
582198
908864
009989
920589
884310
123977
935870
684845
307716
090543
011135
077353
360680
542750
555568
228847
090975
683441
265172
897107
973905
279962
366029
934339
549356
421389
857100
182813
162584
068342
952792
236169
911172
360646
453995
987889
848718
091193
411360
741163
919827
817429
247700
190916
715910
742860
058109
859186
076976
169239
306560
093628
891435
482681
304196
254714
457879
878361
789143
541110
281551
163993
365722
232336
628125
598454
326605
641216
602526
284689
823952
487896
040010
067413
232440
150212
470279
020904
606795
885311
634797
932910
277272
859508
483668
055757
053375
658095
576489
090981
071799
901397
990666
607788
638814
225624
976190
726469
162968
739337
927464
089610
358246
128129
580049
234529
325416
121272
290426
734893
778432
749292
614788
792787
090453
630641
920425
502008
420665
569416
781714
589502
263147
161894
897637
576800
643118
022498
435474
432244
897010
325795
699443
979355
291485
181425
688751
960462
025596
698792
387889
707156
110245
685469
325011
126994
322355
676924
330936
239109
543831
818927
511145
308139
532241
834600
101959
976026
973156
841447
521208
113430
223044
675233
009450
289505
717720
904717
924895
304932
442019
549263
221962
533072
157499
338850
260278
660275
336193
241871
881928
750524
490074
687200
717223
583021
451979
884680
468552
945285
950633
430992
959640
563790
845589
165720
530854
823037
146073
040244
452822
542358
637762
920887
389062
218831
705041
739330
525393
720491
623888
192207
737822
167576
958505
032124
182848
810434
808956
128640
996333
606166
283620
605948
832817
865183
588125
758097
154259
503132
481255
567337
933475
821769
766625
380161
241503
527418
756541
812844
456094
095791
228170
131029
839175
431630
188974
427404
004009
664365
758949
501626
865600
605976
076180
060378
714882
978439
650822
147598
050781
095896
145838
010827
075118
641692
382089
451978
305112
274094
271727
173608
942199
199177
744423
955853
795981
488836
594467
352593
321231
176469
364584
782877
855680
114862
591594
446530
159123
980510
931636
553125
372993
007229
971925
445678
071330
724972
537738
376067
604362
178631
245028
789411
319797
481042
522145
166091
923290
738761
048484
706848
302790
464608
854658
655847
710869
838051
278642
318481
591153
105752
546670
096854
100146
634314
445225
995160
051232
959858
892435
169449
031527
535934
911858
543256
751921
095028
136196
537398
698699
829854
881886
439194
144992
408024
177214
055312
252834
144177
458943
498242
266610
138750
419881
171511
204738
676560
430375
784250
838407
592420
208754
019206
561379
501894
726356
069272
036623
041967
578562
081733
054249
792380
766057
005411
651132
403084
752214
466367
559179
487821
524877
451059
769803
653008
404706
156404
512989
391923
555124
389626
293524
010983
276532
023191
801866
128785
708105
501536
239152
521074
808679
394638
596713
027427
723964
882139
586768
694889
044826
673196
366434
520739
681076
469997
006263
539563
846458
760632
266761
924427
066518
262385
665947
923624
180647
493158
347498
796293
459291
738424
376899
908033
404599
439645
441713
989041
342986
164691
278412
155911
107485
145045
202572
507111
817971
849683
381761
012374
651701
010506
122589
222740
081398
204284
983013
277384
962977
003435
929222
078344
740697
100779
817401
331198
167025
646740
870979
170428
106765
543408
669185
244541
740157
107389
970475
780469
456149
814962
310727
982273
860221
852454
785578
381378
332614
367833
340742
480513
521598
181879
199498
547906
335097
660144
806621
836531
759577
368073
697165
763147
812193
112722
506704
633340
204671
251046
607742
066395
310077
064699
139126
529917
678267
209473
626754
297247
832607
101736
119079
807823
136434
198566
238587
655822
263873
047984
709690
342807
236931
695739
393156
339947
939596
356680
687203
513803
186452
383777
960360
624291
814431
017790
850113
962081
270696
201678
988089
420565
830737
839310
776558
343480
265428
147125
054435
731290
550667
522240
006042
494705
795444
918773
508633
678003
153390
215555
802781
550948
694432
367717
824217
852609
135544
901781
053990
996111
242392
728743
781933
183127
555915
989597
124523
827652
619017
489024
275934
338924
202619
738537
560485
859696
448929
098278
124456
474459
066356
958034
330719
729056
357084
704810
803790
146544
417398
464537
841817
231429
842997
801997
664518
169343
357059
316028
386502
784371
151041
565725
418687
245893
833656
138572
656877
968091
871510
342727
968560
204784
286158
908491
750114
607416
931653
344062
555161
138238
730838
659389
652702
313787
640478
440266
721074
835480
743144
704847
775861
439287
792734
935298
697213
653347
442106
195881
652861
100311
610927
266506
016768
374696
983371
036973
739511
885702
533842
774553
745415
353983
705078
699348
628225
404854
025063
142402
618378
950680
346798
175402
245190
323181
160835
492053
122087
213717
610820
383945
082999
671608
575124
243110
910667
104617
709776
476319
712742
714221
164973
018485
950761
379332
217303
451720
263603
809049
040532
674263
216598
080555
096070
453735
969027
627307
148103
751542
122578
627288
418341
298770
542978
789516
199010
624745
362392
021851
235282
296649
937106
019464
461919
578103
935274
802492
789857
428271
978963
839523
103064
935495
457934
493897
057241
876356
753961
112965
097806
651370
494999
539272
432933
151401
581668
827802
883318
286399
488463
471895
416403
470782
365921
997405
828135
469094
162090
067273
941211
904258
167073
804758
706001
411440
824521
487487
369613
682122
495541
159015
122877
910316
589364
138251
423455
293286
421825
320883
084239
070088
597590
005100
654918
808125
798547
415921
730716
589330
878861
527969
613170
117133
484434
414113
581173
944129
876915
034930
612062
625591
878212
462456
510904
737990
477995
450438
300398
033656
160305
930667
411369
862161
082313
876433
403281
007270
833749
712187
797331
803994
435723
014565
845926
690143
159946
595859
932235
931254
546930
860186
173948
673386
022347
025234
287783
272553
825552
498834
017696
616651
601495
974330
830197
507709
208956
522888
479788
209344
842669
247648
988814
729777
589319
473757
253124
367537
378090
184595
002501
312409
232905
780482
927917
500091
787689
094256
075833
472839
669976
039901
906497
255494
111312
646518
824636
159098
193124
077478
852970
704193
509853
181909
357212
589548
413972
572254
806415
925397
363372
832334
382751
036185
710824
628539
805841
421295
993459
869009
713831
418169
088924
843578
461125
441867
455417
907721
031167
739979
195294
770000
158424
619473
793829
200001
443240
395921
501246
333639
705864
058711
860353
377113
678141
226618
616285
799989
685268
290620
404752
272197
506173
741901
313295
454935
829107
070403
075992
176301
277190
279608
620368
034065
018844
226410
135174
413914
803638
855010
502595
351362
073950
308018
335534
183468
958867
930643
500253
873013
338790
399493
032900
002968
707841
136368
243724
761897
468847
152708
084610
648949
768403
734862
524276
342570
096243
162313
650039
122267
700313
801197
516537
858774
054350
528439
705849
686433
178549
635042
798237
016046
054302
377077
583911
342065
848626
378852
262031
254948
937544
993546
244609
309871
997362
360984
577050
652190
332306
720683
803918
955791
138450
907134
128000
766493
688077
303703
469898
680885
444633
567398
866599
886948
922312
681942
578541
697245
039585
971429
004991
440922
087480
763998
343608
573286
173265
276310
386373
709977
577354
744149
183040
871464
932902
735130
655647
229059
865122
692481
733114
405711
661217
326192
017170
624204
336370
541770
192530
189483
027596
958846
836120
773651
439101
682315
739233
361369
788969
619380
999869
728334
738195
469918
030625
323557
223196
621480
550025
926311
323321
556955
708095
387894
445258
990053
614697
293699
972683
280109
977385
084834
993623
710439
439070
945690
984710
035788
622617
791714
973246
992544
568734
116172
569098
345686
201301
020741
138134
696242
694492
218552
205493
769219
498358
276508
758195
216575
771424
630445
718744
361218
189305
923717
779628
531344
053073
422691
184737
266391
272398
113262
363433
678596
295505
901471
292326
809215
227051
140127
507433
579453
225884
012535
288181
034865
466810
454168
435354
278632
850704
158749
842424
768091
877818
319880
086492
706900
461802
720106
135259
508564
765685
216268
481346
562906
019453
595242
711167
750288
324560
768550
215250
706879
281474
345099
565750
988610
191698
683622
231888
027270
770942
213427
996974
552827
715445
244818
140592
456845
173907
833391
899740
152277
332626
359756
412094
946204
762257
799199
370254
410006
106365
350570
985570
535126
009076
024404
632992
091719
832181
229431
148887
761672
419127
475925
830612
989692
343872
936550
077282
614219
472668
116387
308016
193124
359225
851702
887316
837081
081157
396149
148542
148493
134649
833794
198333
723537
194264
757694
130824
101531
627526
603813
243145
654941
383303
311396
547232
817615
337618
429662
275325
312549
881296
638405
403606
197911
632578
976367
909912
815340
608159
198101
808716
842439
484326
709342
199074
560747
864073
022086
587779
396156
922650
535546
431689
901602
844710
564983
806863
210243
396385
621337
464655
693621
896492
886751
988865
906630
254103
646824
439796
367931
820475
760601
375326
429438
471572
181267
966765
742172
527432
776859
077547
732781
788982
537592
896025
475313
130194
805310
252290
790027
062405
527956
469501
525088
087741
420023
891300
572282
514981
217479
352438
434400
549611
889963
829230
672338
369972
022288
839141
813507
967509
231635
151400
083149
521271
118113
406969
974925
921782
572526
464433
317352
242598
892601
768008
876008
851013
692716
199514
806387
876622
554531
628230
292912
705429
297154
534936
593299
441497
458266
148799
185541
642438
849430
067555
658931
574913
918587
611557
086454
492944
112495
991234
182640
068422
627171
833829
109185
293857
630523
819166
242356
541131
373746
976694
947847
657539
900677
939514
269234
886874
954756
145413
193246
048962
072021
210752
391325
735683
952608
783190
393843
879714
291869
896350
905382
219294
410087
070964
973290
508648
273557
777141
272381
043963
249689
954677
395495
030057
356302
822342
004013
492151
899952
343339
892330
406230
167396
653436
808888
489124
943240
129091
655178
331794
925334
702170
169367
741563
131757
789573
923560
123225
012925
406967
438229
667479
940520
425083
358053
397909
696222
780887
047256
673485
268160
846213
290757
124547
235633
384562
542965
342929
712263
555448
411017
810631
908559
632162
560530
092311
807609
251324
235590
073683
648125
085213
912484
929740
997218
967872
094895
214854
428661
363905
476200
449506
092451
226663
936343
934649
863629
568398
201564
903322
948719
724917
056938
295834
512110
638091
330799
076373
883458
518866
386927
101093
096257
229952
400384
221790
399558
851810
519972
723483
340228
728687
204473
671006
091950
418477
832315
192716
696221
608092
052283
868719
402264
489985
807330
834737
515216
662187
277317
951261
717548
871076
835444
861348
065251
238348
163698
246594
143925
522250
174107
059338
498658
559002
480646
534818
197930
358402
510180
465791
932307
353039
238233
877978
240537
236733
086708
761839
923327
937920
962367
752959
481222
735180
287578
072094
016397
370461
823672
352397
435055
800770
650952
503122
523290
346642
757976
346389
708053
038038
118918
435320
984015
813651
808702
115893
531521
647222
387073
489627
582045
146111
428212
329325
046397
704599
290881
228747
951408
462848
813682
988889
769473
205801
431809
749094
525417
595525
616963
787140
641426
148208
102719
825119
332848
211831
552148
642744
765913
199171
373522
709605
890527
214792
176555
301355
585473
059104
627226
946780
889640
041828
647203
222175
251275
034421
599477
407951
811512
620116
162321
204514
078387
458556
969675
933239
305451
323932
518420
867515
502121
207824
341075
420985
342923
324480
515149
073442
931562
930706
794432
514343
265858
362067
773965
575527
848700
582145
196840
708535
479673
460799
014522
332682
497134
794301
662076
203737
853653
016322
234172
374668
944979
149598
073201
107908
259935
176134
121071
766650
338567
584712
248266
233199
158554
141248
967576
081647
732930
429834
727231
456899
276171
847813
328854
223369
963238
332931
671913
794747
683466
077509
857745
583318
190951
250872
983809
123654
422655
716498
057719
185600
450278
472277
802292
925416
640683
034635
363036
760693
332845
196619
654754
278387
056892
437259
212884
860221
957963
920490
973673
763844
267279
181170
813591
983503
836499
419135
812890
497104
422630
124795
371769
954840
249146
235648
217383
792594
606329
932104
514726
341538
466438
004757
338983
312040
741784
940154
080194
328991
017225
141331
288415
617695
092162
401196
912723
647655
709049
802312
803573
062094
118637
904255
274814
922312
275262
186457
761581
015108
840306
939873
298710
825124
731452
046904
559820
688506
799638
395566
579035
894689
066983
004340
883541
953410
525485
817303
487248
593275
921411
865321
647625
087906
929734
673630
135419
424976
114337
329772
910174
325469
200100
269343
113329
694447
881108
243704
518648
437388
908936
464018
303064
755125
387587
534324
086607
741535
312138
560407
963776
669342
322938
232287
627836
636203
795740
711039
662778
206665
391697
829085
494003
426111
771021
264317
502828
091230
956521
570060
419102
886626
387545
020273
615511
444362
091197
414763
347414
962695
435677
593958
879347
063655
759931
737839
508469
194125
476831
901876
253070
706482
377062
670332
874657
456854
643238
353060
561366
561240
545734
875634
260223
084536
350887
743047
391026
782221
234572
047140
719951
065514
052140
152065
588591
810226
034797
287460
612215
894523
081574
725884
721712
242830
247699
428653
664558
951879
808104
121091
647133
704033
624026
443457
571108
556119
708668
438562
341247
146494
152776
145512
834752
038867
865382
797447
431970
142878
291449
991336
581907
066711
009385
285579
353045
681651
063549
702239
065778
132793
256436
699658
200864
112411
659031
415583
341865
389292
699615
802181
890464
742888
951277
579764
899200
381029
447087
221638
476806
299754
927390
158311
714619
260929
608296
931951
983748
418643
802605
511273
736771
919925
851906
294001
448317
549092
748342
290569
509634
016078
510426
947093
664986
852694
287250
151216
259214
426812
788512
462072
205646
721389
524528
986639
242983
253075
212466
448023
714192
986253
918075
383155
567375
271451
705819
738551
596321
049390
747479
121263
467207
246583
701000
959193
429653
672307
137783
722059
851677
012478
231661
177987
695293
119682
669138
093690
429376
911033
104054
319466
259824
498714
692808
393819
012712
311860
105111
945186
794303
220459
991560
221372
849905
813207
069050
282376
655256
258984
696512
631468
940539
619880
863774
531294
264640
664263
224297
314496
961041
501259
927192
551233
871741
794801
963909
467687
613436
885669
531406
234597
280267
231462
200913
673572
626988
306294
015570
488211
711476
354242
190694
843022
947094
103603
317038
884149
583561
517229
343683
862868
201527
982837
155045
667285
641860
351049
139250
470531
189888
331379
084655
957373
876823
562585
407333
676742
777711
751140
769897
103341
628873
663520
881886
396335
739093
688110
612437
728392
505785
489183
745933
317560
512029
257742
762655
360657
817834
655053
407613
279563
926314
766311
747121
785838
498967
815024
599125
575245
843579
795395
599165
645529
607017
594885
511339
874437
271632
502832
876708
285862
500180
789084
518961
367346
893692
597063
795669
678939
489649
074446
685077
804074
535192
650033
435885
200378
839031
344424
571441
934869
552587
402449
335142
799962
072574
633907
795977
689452
977320
321753
107476
106241
065118
100399
492295
133026
856580
738712
590631
813124
743018
367365
592163
797936
278206
894124
724301
456934
509725
028585
113150
571198
471654
613743
180338
927158
879358
839457
829986
535525
214126
060643
908216
275512
044911
792707
954923
516962
101990
137040
048188
923442
302615
141919
330256
843764
302022
988927
790787
291945
439056
994480
563664
597486
409112
495236
791762
184947
828225
414642
987958
873515
088272
787433
768285
579989
450183
181231
059563
759266
340048
010880
817420
085980
329059
390053
194505
563001
111277
894279
166633
397007
098839
956289
085449
860344
415821
242139
643901
170884
261905
865061
065678
914826
660021
275264
904344
436467
114700
184150
482286
723031
864624
613291
514336
114854
573973
627887
379655
127667
830454
993237
439761
519124
170216
597284
754443
794163
264593
963866
446177
229162
993261
925671
194197
455688
514177
014156
636350
286831
182176
922744
693157
696342
678885
801099
689183
901940
048955
724518
455807
400031
947801
783095
938592
427415
611175
169706
245007
928040
926817
569319
606169
344977
306691
955542
870699
071491
211629
466749
669962
010802
700986
853912
219439
169897
596366
027352
178971
708335
178782
976716
300930
666436
354398
246917
316823
879195
425270
996673
198766
151963
342183
205661
856292
634731
383981
442190
604001
410370
159002
212911
467465
440022
243424
863706
766888
266072
540837
384257
377216
951265
051951
088588
177416
993683
370724
990588
088565
738876
559764
197922
432584
827685
552685
906271
874866
504776
079568
702215
651221
763755
489319
083800
737986
658403
136776
102043
233035
398463
596165
369192
911676
467358
901518
303459
170498
337353
960516
859627
580367
939020
480241
436840
721235
565104
548138
477941
999957
940635
262691
477556
873809
573066
403725
247713
012007
621490
899501
164648
110329
725698
675595
488691
365735
365811
526684
941690
847065
884548
685246
339177
644698
948539
832381
525168
134883
378996
950116
609346
467654
481787
319802
395026
954027
069236
250230
106976
845526
569081
548740
056811
126403
838185
730061
693982
854023
058812
853267
049767
418251
360333
923996
746213
357638
842306
687668
877572
753116
323323
345115
317541
077230
032727
743494
718839
511282
868176
080611
755901
565947
619350
447574
129969
997485
486182
837734
691717
395442
407770
407180
627270
607201
447062
662752
844094
480879
810663
423915
247104
512619
831361
981689
673975
710327
015377
833457
328085
913882
416307
311344
035469
244681
638885
274671
178357
289362
639107
156485
340975
611933
440056
761090
659783
959062
154855
254689
128606
662187
750064
542097
946570
547012
320200
852616
143855
220182
884082
290540
611899
485976
181411
833410
720041
550450
629960
979968
972601
331949
883174
194473
159080
588620
130585
539471
337380
722822
961336
574613
123746
103780
836111
073554
538401
839920
575565
920723
266104
716149
161865
727937
501071
686044
479332
695177
322394
164322
952827
288176
388936
758542
375203
640689
265406
428556
533052
486992
053366
012005
130110
959804
480792
644446
529875
064093
537066
689239
056742
390433
461260
729719
037652
075749
764379
903876
112825
042623
673503
602563
765558
864815
620721
038580
874613
520616
885226
606692
369762
526246
900842
317500
021590
467757
767674
896861
378385
885195
051629
081391
765430
795545
071950
042437
846400
058602
340691
769893
492233
230359
424259
496611
834617
320085
195703
846804
805374
336975
489993
564142
194452
097962
315265
102342
606528
078901
772764
787526
681572
178161
537002
265563
800731
125716
562917
005344
051251
631697
064163
774660
013052
933085
941538
673846
887429
816952
342827
881621
570493
384549
963762
856343
570154
518328
734432
659594
646823
878365
993882
255304
853748
948423
862245
585146
987756
196736
205130
927303
872529
048211
835261
867234
948834
210577
240635
770048
655924
385559
313879
708278
635313
104192
547041
973487
690731
018282
428653
493250
758782
244016
557497
465824
023433
651670
280803
006463
491126
069196
958387
547123
875133
013869
317136
192850
963747
813830
073712
399846
066500
707450
086507
448278
956039
042720
106161
014955
210231
327777
787081
050371
634812
778586
798643
380298
228947
825037
486688
319934
343783
561894
488491
342234
520853
652394
601749
961250
973153
010517
385833
432981
836408
935257
003151
159512
636013
629652
443592
603612
414570
954813
773119
203843
198815
156085
134376
249491
309532
324617
796948
213648
066109
289762
152258
936813
969562
425283
501552
444777
983301
555399
145125
415291
006573
258262
390227
819197
279111
329899
174874
841865
311160
369549
649217
364584
157888
532930
870809
368862
869203
315729
789666
811939
633904
458575
347028
298526
664181
539875
805627
764667
413048
133937
199581
280991
445576
523596
563942
343805
925906
945296
269697
714931
371164
294722
860001
949611
530335
543397
396290
697988
801655
198409
723592
797553
319823
230246
523580
370824
334126
045390
904191
940937
344371
290141
226433
294466
439575
929133
890741
864701
895866
973731
569139
878561
551539
585285
957089
985807
685858
746440
845701
269851
860892
231182
705275
163219
289741
029682
076169
235604
985230
501327
927975
812392
667290
785081
785864
846437
908279
814657
755796
462697
197812
466518
361095
449434
330992
208354
549333
977159
741958
926873
689308
186516
451875
911320
131667
671540
471227
521608
815953
002403
498899
265457
494983
901329
175803
777042
641744
866044
107367
405598
080667
701290
071085
040217
882709
427696
445959
162331
896538
053827
298471
713725
218531
978768
329575
133847
293173
609925
699416
653588
836783
403953
221470
429684
830365
318972
887644
958438
081896
496701
868250
708600
919731
906639
165524
081130
066952
708905
207421
168035
603980
897193
348671
144372
290267
239977
811895
791444
012327
744363
379431
858102
977176
186299
983804
023979
726353
315514
990859
426397
235859
388741
719681
348662
385030
711510
352550
814533
417023
654446
389624
756312
475847
931345
107304
653707
424717
623156
425486
077801
390611
181752
133978
943824
146466
204633
977210
803742
675881
092807
821490
457274
190507
125632
073865
117134
750808
147923
372825
761344
294533
897914
080952
104107
521667
422288
678897
681487
954267
990637
762521
424211
865302
275997
799397
267521
577401
619922
978853
162923
347496
493873
628823
313276
513485
540795
339267
186398
606737
452163
942839
852619
866750
821437
684292
376763
847840
858279
316504
235607
784714
674631
406261
385864
792536
420935
152971
493925
452878
838357
631753
463136
818006
749655
901882
245214
442910
878859
782614
652841
990715
499057
766052
409263
611641
174386
336375
108318
601343
391770
929793
983936
202580
658474
577897
155045
343998
569205
929169
293644
222448
305337
054723
915307
274453
174977
783486
141081
380355
545578
660663
320906
884534
418538
594007
840375
404016
653108
120247
820004
154932
728399
350311
564601
042087
887804
225147
609535
063670
781188
593068
990722
698218
738979
411050
136260
035143
397414
035760
454037
466228
857045
516190
565302
591221
184362
460929
882571
960554
034602
517663
774967
248840
237299
715852
839905
356732
748961
783338
470458
965326
463844
373171
271587
475203
535903
404101
961107
029818
975355
458808
684706
981469
360784
148518
138296
615579
285569
291885
659388
014177
194785
171009
579859
211031
952652
221438
711795
698559
745996
790626
093838
398772
059400
764662
481264
260392
160175
068861
105739
186428
997533
821596
829854
522541
357895
666416
227444
581412
142078
052342
620467
513536
293813
681441
505780
022643
988472
687944
574272
812180
194076
215406
775569
829536
823150
888787
597055
444785
603660
434489
620596
093434
266228
161324
513792
146257
653026
412191
568281
351107
789278
082340
366770
223610
746901
666775
217931
144305
902975
285851
896585
880757
683476
796753
110893
911018
700913
133497
621824
182956
739169
748315
277643
494451
854161
413764
316060
349558
063433
914650
183231
520071
123004
159109
336859
981276
469875
585631
643015
841531
910830
156289
377420
482165
232996
074093
931453
634713
562220
194434
083159
358467
856298
421589
957007
557332
796653
586311
660670
974172
209323
284783
378956
906199
014141
712950
209651
323104
412662
091299
167660
807025
603769
114054
265127
436785
095261
108941
910077
116472
343616
558208
194119
064915
104021
248788
751035
339472
651952
252566
166149
770957
572285
877910
302916
822658
940960
458686
178224
486581
836479
982936
822061
525309
953593
485333
643109
595777
724825
465981
353075
114030
543264
789303
026410
054520
141989
453415
577673
041419
726345
655980
468591
488831
487315
844983
771979
972856
298335
709876
232560
782239
741161
068462
916662
827445
967560
161080
777238
428160
336063
426166
681089
265938
602099
930202
714073
705111
208570
524692
712057
223903
394680
894700
165422
983259
654411
173236
394050
473713
643820
510774
441326
974380
633866
849161
635544
752008
263953
911860
164948
487639
302852
590433
944316
675707
647803
919588
977107
042161
158516
364704
492634
084515
559207
377508
543146
805096
118002
533311
277295
493531
943375
910423
072010
036457
274572
444594
718779
019590
460958
976286
243221
183614
449426
364808
521317
864951
765641
710530
258462
205801
495953
783889
119101
498390
135101
364782
924209
774417
553990
383400
778771
228616
141769
248722
920531
316856
216651
014166
257579
072915
451429
963627
709941
706427
538832
155440
088387
414506
563960
687178
159531
748615
877402
516226
170696
970441
777093
133488
365424
340812
790841
488290
709155
379853
245934
055584
629930
140176
821155
806883
402250
470303
100985
943236
903939
085339
154361
243617
310182
713163
777709
034388
700565
994392
893889
014620
510319
721533
939020
775520
252562
432343
281965
756987
641390
092497
474305
999894
580002
303791
412810
245738
322895
948682
962134
128105
533992
525639
774463
610368
955304
816077
645379
669506
427198
396629
196811
034842
523632
713144
236844
562433
679964
846996
028267
622963
868718
614774
317918
972287
727941
875865
573714
937453
938737
597744
764399
386337
586088
033958
486724
620502
581961
533214
283652
920825
044112
150087
930938
903119
110341
355989
156596
331703
728800
700521
592184
833224
173708
661326
792839
373271
868240
240915
157707
405789
024213
755170
328612
193441
450349
457092
701489
869202
188161
313148
329028
578153
950854
669622
601881
764413
978390
223238
419683
732364
821016
267512
011782
173680
490657
802749
359774
438879
576004
247123
654999
937858
496905
763173
359356
593839
772754
951124
803221
369409
997385
356361
904048
591949
683479
072409
535780
861995
646310
313548
138453
364431
836742
972248
062224
227523
330188
118131
340312
568316
330329
498307
650808
490636
186093
790817
686709
775171
451677
103256
216167
834676
177406
143589
972686
490820
778412
973753
551550
092482
826866
511321
351673
133033
131806
045183
781291
745682
681229
628354
613227
323015
524084
280219
036449
534270
889963
856286
277719
961448
502894
756179
049612
544889
165230
385344
518550
628274
420729
765220
146350
988706
726105
327895
852964
861257
470309
952906
025038
416540
552054
813708
879767
254592
372974
785223
751829
248599
176546
893408
770727
239605
395968
084147
899579
608967
365513
423220
085428
763314
227298
202322
521299
023013
332393
362277
866540
202587
956920
260240
087092
844624
421074
883807
779375
340199
865193
862906
061650
573135
372450
694387
015276
388497
304503
978459
294216
863468
491683
290840
126312
355421
292552
120958
386484
200726
807207
892811
013625
397967
461877
150466
409383
897016
993809
341110
106404
188782
356408
721298
852019
894937
027001
174098
325079
794565
789109
253034
170271
819642
043004
628887
750140
248013
113824
453933
754052
025843
963144
592703
717834
180842
972272
938954
091467
836110
165976
953093
437302
990090
849085
617843
308209
959856
766619
396333
251511
577402
284272
657340
686644
459703
723629
552288
971182
688641
808634
312747
885650
230877
302137
003376
000960
185710
627748
280424
638515
466351
056325
596277
913714
078234
900652
285827
011227
139944
099299
414938
143764
785647
275795
744390
852127
159746
879731
102114
302204
742358
484245
218664
357404
409623
387157
339145
825605
065956
698256
635545
930443
535288
678432
190631
192841
115355
747656
873243
616516
362880
436443
125833
333615
590708
077154
252420
890688
339746
120627
414020
032266
867411
990325
706492
771410
073891
294993
831373
870004
093375
194271
308346
391816
273754
571090
507543
720066
505928
620177
736089
546198
675792
340201
651780
708466
100696
142290
822557
957558
621739
016647
067278
398117
157246
723703
335199
514484
586006
223105
982672
930640
535270
251806
021893
577484
354286
843683
869574
597849
149323
275995
026290
266321
103498
637232
409844
484921
828275
307507
567127
586077
029484
634590
802448
897888
429666
195982
823482
804680
953307
206876
369922
305473
395629
985597
815917
206318
050421
020670
519270
090461
985707
319801
385658
318311
281843
705663
931448
733864
523249
399658
227341
837048
442659
818461
747018
677419
000177
902919
809246
403999
698581
647266
931403
601000
768214
491312
955157
253105
462323
279035
977192
766523
314158
077176
212572
167475
932828
823272
280783
632343
435012
630946
722767
235018
509852
003929
988953
808612
764451
874469
202508
287132
770196
258885
140025
685389
743666
875964
169777
541801
300985
934561
043743
811097
854435
302118
489306
088599
078830
246913
116686
089743
683898
433500
093615
514643
807107
341604
729923
504361
881384
487338
863384
305364
601582
383797
772708
401656
640836
595399
156985
290910
912744
019810
167226
847596
072021
847034
540386
061336
329650
255464
907436
921473
133672
017322
916472
432158
057442
892139
040706
410392
448358
712127
460179
398319
835022
886902
763100
655927
407512
649045
139817
458274
055470
574263
141565
701301
538909
204640
235042
438623
927659
463478
564870
941860
809508
797580
474825
281538
939370
891135
902675
153125
401934
116595
929330
066017
946688
667692
456398
147273
120226
611217
242290
479927
754978
854663
611046
490453
827653
783723
842665
971280
581828
844461
225563
227766
351037
702093
406999
625478
992457
239524
216055
885759
185555
313425
509472
742977
933632
746036
182905
230374
355288
852720
073571
364896
187186
037818
660921
781031
290906
244486
868439
056272
858189
427539
622589
649013
500134
103641
894177
751930
979042
646818
899936
550643
669056
608182
301153
587946
583309
365295
260879
199936
232378
785541
241038
975972
418473
543212
754510
965974
053122
047324
562408
632218
524601
552370
671648
739726
209962
242036
610129
590950
802659
086994
421984
199905
146879
105733
533682
796348
993480
010890
137041
988387
613802
808304
677493
145214
686962
990436
623500
811803
665973
222324
195046
207911
873886
617413
807054
740755
913419
461402
606864
500532
710836
964397
121292
708631
593821
961216
704107
977027
267263
498370
429467
139337
379403
527338
971000
387994
228950
019885
730321
106454
909061
153261
977519
862669
037911
580307
371117
448498
056028
929204
920244
750454
356381
710284
398851
291680
007315
637003
680322
064818
248486
130276
362245
053513
231406
438614
316801
194131
477903
740882
169392
986565
000179
318376
056269
481672
993047
587566
703879
031969
795286
722925
530415
590100
707737
216953
056747
794255
911208
126458
658709
830810
079191
312428
043658
106628
455801
570470
846257
585460
436793
822831
298669
806378
668617
099814
904681
759863
713075
924726
789561
605387
231750
267914
673882
169133
197499
682844
023365
279356
381416
830889
395425
429635
161786
634860
383898
755556
129521
919153
589343
549008
358213
710647
327925
596201
282806
012707
373625
818810
056931
483494
927637
369265
766633
773082
913693
570685
784094
210976
465381
996755
700389
762640
563068
228562
791482
547794
559469
162065
276113
518923
337611
809190
657412
896799
050478
432830
286616
341261
649226
484354
005795
373535
841090
700094
573370
814090
665291
332858
728582
251222
214334
101947
654949
488908
460248
905625
142246
571052
048164
609064
736990
660069
613476
787528
891767
938665
891934
049494
690893
939623
994394
214894
774778
521832
972127
466359
558724
776304
503064
537645
520897
726027
783178
867714
861720
806576
200382
722886
506031
371287
548331
664982
573957
581257
827507
768730
313828
057658
713318
737063
774337
239765
332226
345417
761009
998175
167324
054873
899783
423204
491213
379019
241319
693077
320965
882532
778253
000183
369732
408292
294792
168567
492353
322936
549502
711785
895446
491517
305124
452042
292140
812789
911943
085823
012826
687796
979889
463119
881659
966130
584544
364468
364130
583685
306053
838269
131504
561877
765841
262228
416402
848246
967880
039223
796605
143795
104721
340250
899296
824638
276919
872380
565235
893605
640410
380521
621052
560958
484005
533157
883131
565802
057098
180068
207168
956635
567374
457999
571918
480620
047548
734369
633846
723363
875033
731131
621276
937287
549292
635175
929001
649459
687463
262501
332859
104900
662805
930552
081932
014847
239312
907211
413609
387039
471089
745145
795826
284889
515544
116480
395570
775183
386552
200370
962716
906113
291127
432505
099086
025885
460710
869388
307147
058645
885433
250089
868652
476099
811602
257089
766431
104433
728743
819788
320734
767638
429961
200539
579771
047315
172882
995805
084337
731891
514588
906599
617965
763768
174074
244318
679010
684501
383240
187498
115778
811734
274440
126706
346577
089999
123116
426962
270062
459906
944002
194845
740712
607613
954456
623291
360395
010195
812944
313049
155865
916838
679625
740075
466337
763959
941062
355957
131208
561864
609440
391955
150281
653159
868831
775355
056807
449391
327720
042558
355719
817717
083676
490760
688535
059168
472676
480812
911866
744394
243558
411341
087950
891089
083199
906932
270381
439234
886373
846623
935738
855081
480214
677641
842469
551550
514306
216321
173360
548960
985524
224414
080824
799627
570494
249726
880667
214248
693114
558735
156006
786349
566247
441220
323563
228269
603355
765628
100654
367823
192061
960275
429588
726455
376387
607174
645417
983647
145446
540756
044861
305917
228535
585186
017760
255963
769620
515112
913428
003851
448410
776768
434511
940770
505289
980043
134708
243920
215578
724295
954831
889135
559919
623196
685209
888234
299293
940054
714106
581116
360335
542952
019155
765539
205362
179639
252201
717381
634287
243044
598273
102105
310138
001456
812693
337146
898696
980826
963902
931715
410597
180844
980562
396856
462529
574729
191155
912769
257725
279431
978333
674615
995700
011183
886056
605882
670333
658851
586424
447300
352859
457626
210358
141488
336541
180145
912156
089417
236743
930010
149089
754504
660168
098298
074456
569945
571368
669512
046097
301506
745332
719591
481864
611331
494614
165778
930896
030029
501111
059402
890550
221250
159553
695323
460267
878912
149506
927971
586052
300571
888218
252797
863466
590073
765128
156856
564264
632026
294270
218296
289273
590542
645178
846049
632852
599617
770500
769235
196283
428130
474927
150770
853072
993196
385302
238909
965451
437065
662293
299101
811533
945049
787072
054153
840987
643223
439467
569058
381407
886685
998218
572427
748334
797707
692344
155170
938759
240345
479783
880257
520466
392948
368080
186861
522844
610404
999894
596859
422929
408290
726291
192992
269351
801717
609619
300388
781681
550885
000669
188639
764858
913680
792780
381529
749780
314536
884837
426652
937942
932664
650987
888988
766759
924169
479303
395038
595775
540403
328056
057108
276113
230699
429699
488527
374209
650831
347565
324655
792237
765356
063395
023773
018803
842454
369526
104674
999388
387812
709422
258710
722106
834190
415797
228044
205509
241091
033436
336634
431373
728026
710624
961961
358618
652923
629186
151271
015654
013879
515913
408737
729594
235077
314581
968238
341337
647443
303341
342749
701812
724300
367913
532962
088162
659249
951240
706296
085077
721698
553413
560757
311229
232686
603064
771663
237090
999182
225811
989352
240111
922699
888055
289009
445789
596655
760329
376043
234381
425694
117856
890839
310018
637847
138861
030338
557924
874603
119174
265237
553976
813089
992892
608219
407967
843761
962482
544480
924464
990767
466944
857177
194799
370675
689996
951570
781866
100356
899150
866518
587213
704637
275472
637767
663337
625275
503355
088235
761082
176366
341730
183898
620111
315484
855785
506259
407889
303428
063306
591155
650055
266551
158405
734756
535227
231361
473306
120495
036956
954792
544345
842882
636916
112476
530219
377871
739009
717911
588553
065229
669355
631581
762764
108996
291496
795926
573987
762742
449111
944877
826951
489267
551681
102353
670460
919051
445668
065862
708277
965339
553556
294568
246629
305021
173252
983079
859351
572021
779517
411153
416074
091534
400094
431384
023085
596441
290435
149709
589873
550307
240384
435168
917008
597837
065452
088910
159759
336720
865023
808252
556252
289662
820010
897332
907824
310744
504353
617854
483416
121295
810664
616638
507888
953937
397886
711735
574997
777237
172498
882178
269100
000970
917287
411569
797455
257164
514043
959279
051457
184727
977194
806446
658226
328851
090486
177710
915359
312760
169609
742536
855425
676505
729442
097129
341161
751597
754681
632575
864010
867507
546730
528340
015068
835573
497146
163193
429765
329484
649634
176864
184025
354060
501653
285352
661307
033723
139504
175139
569539
406675
669337
934874
890935
683266
584303
793882
660693
017509
825445
292505
417853
637549
036669
433653
102684
401445
110522
061694
029753
965190
175257
511390
445298
446469
062572
431963
949022
595249
059090
141476
513631
403576
627367
498755
258913
351447
507050
248650
087306
119195
201341
908165
183145
996397
530712
210678
329113
557272
165007
902299
402435
427807
542470
115134
767914
237764
449771
542505
934903
423764
317335
990271
120264
374667
553354
723486
609280
442712
657981
814420
881253
733975
786101
468652
467840
931689
338965
087049
364297
341226
659210
914494
389794
251095
041067
650393
070027
762374
706963
186333
875863
172219
323818
061458
107184
974602
138010
538758
334946
643828
483999
383157
242733
290598
810414
764511
546947
566755
620051
788928
970479
294646
658161
496423
432014
332225
874879
367496
822428
146436
492403
261130
928633
839476
131587
987530
769632
956849
397399
301280
795517
642524
067237
487327
212689
679708
678697
631455
582904
391010
931425
087539
170736
696538
095735
405700
468458
883546
906105
646744
093737
415606
368218
590360
910894
124113
373893
352829
247691
762628
643008
868617
531895
878276
862345
010501
878086
962317
039026
609938
500436
815387
794421
043820
040396
168231
820795
293349
552851
075767
069272
503899
614974
333058
575042
769227
684086
438315
862014
277529
790394
084249
152167
054444
322721
918023
747242
558538
044350
843769
296526
661558
320442
674118
834222
876386
357444
074076
101558
368733
529252
117090
437338
663457
045588
813388
634510
480247
874301
328262
067776
328277
734094
871017
943826
581564
554794
325557
510156
848652
874198
946465
955004
030709
378700
096378
296623
531011
039250
963930
380494
624016
901260
994581
331193
006021
223021
110845
291222
103081
023333
010569
183962
224230
961214
720706
572062
301216
429551
102185
157586
885872
849380
357424
936642
986743
221392
581359
620678
762991
703882
158802
412192
421295
993144
461772
051850
116637
285432
915311
367090
926513
817908
902758
573280
430196
146144
398132
296156
603339
249699
095741
274382
132159
635075
047643
671274
115013
045547
246648
190721
898891
625269
551104
268078
437811
617682
683563
947592
018934
879977
460477
844258
704116
118409
489195
205917
764435
387800
882089
916710
171878
295270
289982
379882
945415
277300
905936
025663
260587
947684
712127
100689
492008
692128
148721
025072
574101
602191
020967
659619
656047
008183
606811
571095
753321
157339
565470
575370
142346
171331
017319
107940
229888
308741
781333
768070
595460
482120
720390
719675
901084
409324
326081
872492
431453
264728
134334
061753
630362
778024
787810
546422
819946
328987
380033
875601
530988
819680
264810
428705
812022
257603
113882
424178
934770
449644
969688
425661
640291
294385
431067
970097
869687
967973
483476
480331
471344
048531
836530
149194
200699
631569
995797
902725
978939
399250
487457
186935
762882
078205
161464
261360
654241
591171
721543
588215
707857
941768
910141
531638
854031
038619
958398
726470
040242
520744
767633
676528
605903
358574
917229
739564
970479
222180
519150
188499
933043
242741
000395
385947
192910
797794
318338
539210
733737
361369
142433
194234
852096
293589
480821
941487
590460
342197
861928
336434
480163
061451
306778
657777
887519
072352
474720
045131
312216
431937
463987
468319
678860
155321
676892
770919
575269
299483
217351
295944
800208
735572
628627
984726
325177
974252
604453
478710
042943
693100
887548
881183
988992
317416
642241
210291
192435
116929
774778
888072
824238
664230
182071
838144
832333
249623
807045
331468
629159
498050
477290
352878
706663
436779
898419
665826
370338
761212
914646
505803
489214
560621
216133
680737
253181
892308
793329
248247
727805
010400
069667
244662
506161
852044
661488
479257
054178
886115
092718
534119
595406
091676
548455
452764
255990
946427
924492
468936
424408
108956
025195
535186
742399
890174
000039
741073
384229
916172
565835
847224
024925
380029
012454
667911
608659
936422
913390
352420
779856
208020
451856
080680
576852
137209
914098
849041
553270
563348
752841
958864
200494
334660
310540
787381
580894
449460
503140
333083
078216
024395
847957
441830
251104
915942
691848
809633
425860
226971
549751
929303
286796
781061
881406
957913
435266
431999
948872
782093
749778
072333
249894
117386
576673
410123
194846
900815
428074
616173
825424
669013
658604
717406
665426
220846
914365
805774
385865
010847
599695
760089
834397
062205
117040
341632
397149
141847
660762
492858
308377
682377
089623
128165
385164
147096
030544
518521
366851
038280
722079
465424
549073
545794
752336
579926
295348
983319
794611
208656
333029
617522
331275
205861
703923
395736
994605
804949
209300
610889
677055
346256
515095
779092
507718
970251
611537
935411
100520
504893
398576
449767
280308
210402
681714
842173
736595
609751
590198
221039
399955
841427
590250
497801
378705
280441
897591
110632
186848
897636
500926
414814
256587
646196
933198
422803
956847
003740
320526
807071
314333
814498
388827
101975
641246
095215
342321
143492
714952
309588
622057
184633
919542
550812
955513
127535
418157
607885
095166
393011
999972
277634
871295
092052
289645
914329
445311
648140
951874
746367
299734
993087
331004
274873
125234
348933
843969
800385
643883
097998
317341
985602
784191
167723
865336
453569
287780
008669
563915
873909
165145
643247
077716
769102
307937
149641
455064
742777
059593
597821
071173
269774
316150
913000
674703
608349
208647
829994
776293
903905
275132
619730
985774
246293
972650
892027
608352
537681
102053
636400
916244
357809
462355
701429
507575
646900
576671
272808
998824
662788
504148
303920
124257
048598
473058
790066
721166
922564
392053
109550
481325
550935
795679
060212
277433
936392
754568
432357
361242
139728
656915
501852
465874
105023
542723
880284
790175
280305
286235
332752
583758
225115
727210
267845
762905
838683
091056
476779
924998
606640
114542
296639
157341
363212
895744
894389
907549
233663
553452
035343
579229
515465
358144
732250
498370
660742
710301
894576
209320
683424
784696
323486
782554
377244
878295
601067
792638
436136
172297
666793
964663
273953
821641
165265
393770
129397
644355
096596
357343
097443
521850
303391
200175
362969
150458
259232
444413
929370
094695
709125
703774
137689
973947
736386
015876
068730
232913
995366
285756
789319
028822
163225
798950
306733
869972
159692
490381
141777
509041
589112
260318
526424
026881
227190
928198
434461
783034
073037
129554
736271
926865
928419
683521
677805
632283
740985
926625
487976
047530
593913
709094
697739
957175
871689
880481
223595
518915
561261
915108
352364
132074
960186
951998
584038
464409
459304
197408
885149
195203
816051
205616
238943
703147
493788
254735
973188
233459
514300
207249
511571
277648
535434
303368
364761
321175
623828
253027
853550
456312
442001
258031
380956
380836
346593
575117
412789
896343
623204
932709
703163
828205
963660
364008
058118
364741
404839
318274
502745
277401
511060
283472
484809
185162
852351
922120
247972
736459
626842
836228
779260
032230
565516
632470
756102
354379
800354
248789
432927
868071
871828
649700
925052
254194
284512
955933
554337
650494
877870
214096
805588
097408
951324
459165
861473
173963
006277
964194
614164
381385
550931
090404
193777
813696
117713
053060
866994
898817
148533
849769
523806
913213
266878
577121
849643
170803
419763
334641
717712
690210
956612
247904
460518
308062
106185
234219
265740
175475
166682
609162
595300
383918
479092
577071
313504
975964
353855
931919
362339
404561
691153
866424
843661
533851
454274
622834
340194
457907
061288
816898
810980
135934
273037
525634
537478
901160
464952
089556
987671
199700
878754
023147
280380
365706
650548
183547
971499
532325
464487
144431
698442
315108
929905
721987
844349
735692
920202
959862
850346
573331
082087
850060
145316
354226
689627
554340
933850
774674
668700
167355
372656
861073
559469
427060
392702
284162
096809
752733
677779
629859
121971
599808
054290
119024
605711
237884
002922
948021
393273
315417
330053
721234
769618
491761
349760
837875
265190
311772
776710
829967
975401
483383
413834
040929
385173
929579
980160
309946
050186
624592
728087
195787
684293
565058
021576
331946
071208
871273
825378
418508
098923
824435
217346
827888
041040
156280
079613
691706
451649
783888
964030
928980
204032
602518
145775
200145
209262
809034
282438
898217
148027
313916
720023
394088
039428
790401
277318
529772
481821
173834
503311
813360
088374
759497
623897
859562
626960
806819
182580
586443
949573
293148
647262
089641
335602
405228
921074
902162
013041
673372
443286
892788
606256
957616
766575
955577
463445
622119
276536
427235
126430
906655
991146
456108
406533
719184
132877
082438
224428
426733
815308
311680
025834
649864
277102
152753
036379
932036
588289
584169
550974
161154
628506
623699
841023
170687
463039
041613
982310
974346
885619
166726
693262
627216
951969
624908
637539
968067
369955
101444
903655
777619
913194
902110
642730
749139
674877
440635
625300
643258
025312
679850
699802
639457
914625
998907
612216
277225
865004
630174
757156
976793
738436
309621
201031
764602
601425
699961
325338
505192
992763
270704
190846
498401
889589
499925
800643
256742
489144
359206
906142
268912
458672
784392
151497
043174
060967
441859
356466
306102
978006
226988
602642
419966
571095
944740
619079
522520
576682
730893
632387
767296
309461
997977
117256
667318
970533
253229
932637
153460
020318
701558
542974
632997
568615
130967
605035
530207
803710
401706
232656
636454
487263
496643
025629
842974
639543
028138
511648
603321
171665
024458
228175
639291
055902
443084
478961
002068
312551
430894
045544
877632
054015
512464
392374
293394
862452
822635
698957
823346
732285
638904
967661
205709
034277
975382
091123
966607
342768
570617
308360
904103
333051
047214
197912
931581
310875
752663
550367
496288
191070
379620
889907
237285
652569
963711
443874
578413
482347
983393
110979
281808
164987
110498
263542
626489
804104
211637
500868
438248
143927
739425
027020
376362
682913
772171
392879
929372
736239
642750
641429
226991
876804
584113
404994
140490
598948
704504
050014
798444
165256
299129
855590
137860
375176
047028
378381
777510
436480
307472
449146
118657
042529
463520
936900
130373
541495
766029
717005
941964
071725
252502
947649
445208
598313
091083
828750
581826
305310
547536
687427
211450
124246
458647
769661
403066
377441
366014
585976
106827
267032
007074
643638
518348
562389
531499
674634
523740
548422
976948
697770
807750
173640
890521
661727
090364
619457
870777
110842
163694
084811
697939
882435
228385
581870
710081
488176
697431
173140
890212
907652
101129
770034
108673
887382
335182
963307
968037
526805
497760
564512
124516
239586
028788
692404
856843
188716
740661
678886
819404
086128
817316
672954
162275
526957
371882
842673
978365
194340
433439
913300
948861
610555
261731
242845
162302
537296
150202
915627
055864
048015
695343
394140
302114
382595
833287
989948
831343
982104
361480
020916
342157
982296
714665
135609
851284
803546
126268
898794
269783
377462
381446
477472
967942
169697
193322
710005
933303
902587
486189
171083
017503
607840
237810
896514
157828
299751
849690
697230
656316
124407
194850
767939
200067
542760
353359
441815
168133
473582
005436
195381
875400
240132
349345
808479
784427
916838
171346
809626
981058
055748
850390
623412
876063
471591
945492
957634
037551
913653
587947
477174
344032
412889
815353
801234
299341
952568
811388
894041
826795
903000
946610
812947
278526
643533
810945
173703
441002
309547
635221
445485
473860
194202
616787
641976
282910
375603
020992
235111
261264
263118
678895
420658
216642
888198
792940
676566
887285
939060
205006
626969
336381
993769
099514
132502
827935
411107
728432
040552
768065
328829
716607
636685
508907
737918
688630
086640
849490
423136
749215
462664
762226
435025
567487
356111
956258
380341
681020
186779
395079
744672
889571
989241
397376
995638
571910
249162
859217
062555
508120
669975
725688
448651
662329
011404
448685
784347
696659
621973
769205
269587
882208
616737
120769
126991
175735
829677
064499
134867
763523
734792
181288
229273
608347
628425
009814
373450
121456
247711
546148
234378
752297
722218
807120
980611
245805
925520
144696
929380
434214
524802
096768
845403
263964
213170
152076
136796
997469
057726
228740
289200
148266
712428
175864
449623
662838
300179
646102
251172
173944
140773
728545
606062
669479
174206
745558
534649
180826
808958
583179
395071
796853
110574
151239
265615
269686
509043
549996
641142
127963
446107
036112
764924
057786
274282
891304
405178
666562
296234
109105
641503
676894
277763
056714
716795
314128
664144
804452
847867
188859
046214
663360
162980
849011
613261
618912
377812
582845
576791
862489
118502
356609
838210
114964
844163
060966
256620
673791
317835
074275
203549
827953
987625
503227
667438
932494
660918
385894
318428
895301
930048
051161
187558
934891
755739
884390
800048
302564
983021
530095
377094
092023
781717
282796
606013
529000
307225
280189
358139
088984
812051
738557
989630
624337
480774
766479
750161
058245
561521
149287
975646
990424
068431
178326
779811
089753
820443
181994
098607
246103
574370
753087
932535
986581
948849
702438
290685
584056
627905
050372
165086
000796
661735
843531
463395
332757
046098
717845
239823
650977
692413
475045
139114
621729
697132
396617
778774
209249
846226
731560
259122
968170
843033
761464
904502
894311
287535
078855
022875
085140
436130
457853
414467
791797
535760
664135
094999
143248
837162
260200
519712
093355
825088
439503
131738
422127
567856
315969
927194
021414
824007
955199
875310
026168
487013
054705
911492
103292
553682
918419
072622
876945
720601
905477
685330
857435
256880
173303
574039
312212
886358
025911
447070
990022
991725
060393
830753
950915
006419
822045
943145
419305
951875
723040
853358
724131
581598
367450
728462
647820
376636
324012
084523
813265
595889
838993
523306
336176
304097
362058
200476
090795
219508
897417
089769
927969
971055
290961
374794
359665
438943
108067
805582
229278
982151
373669
337892
267225
678950
433824
503211
397481
635075
386069
900690
038108
416598
297802
256635
018837
071080
593769
976693
660989
123555
579667
181878
156167
115737
331236
296204
121005
482031
943646
218004
533593
595798
751711
538350
269542
839709
398568
401500
188736
054719
085011
459334
387919
077994
759541
618218
617991
684867
389306
374012
236079
339117
882761
106122
547360
664209
699475
869763
043251
368763
781883
113069
311896
263378
965802
361416
609130
196284
280789
068330
146231
968395
447188
217487
898347
814165
060685
975263
674667
582376
079116
549017
358487
583225
411483
997614
078452
914209
340594
085155
555758
246261
460574
246517
675159
334939
558196
613111
237687
682311
313331
760993
638315
607637
812810
946875
912151
118170
540883
523733
534401
446648
954010
076286
121432
879914
436740
035012
039588
004974
678191
026633
402276
275424
060892
343429
678430
374685
522291
294032
836488
062450
812085
571492
754095
086456
990165
047768
106265
032315
957914
242191
415549
733425
102822
571019
901159
165160
850522
639785
760362
617505
479571
697282
258193
838269
885012
465423
521081
957255
927303
858487
572622
640348
478848
084659
520378
525280
265901
390078
722042
213258
914850
856634
380140
364873
887210
210324
753515
815860
395744
289518
236656
914616
775988
301706
044634
161222
472750
664232
211458
304010
599061
722087
578098
155486
174295
293525
438776
540639
908189
386595
332933
677356
773360
154537
513295
963270
982242
007229
740519
770707
796047
274632
978546
923560
698031
853864
932496
318496
805091
235715
482527
890646
476966
281475
275514
356919
770741
861318
229156
807226
193697
103272
780231
515541
562588
811300
864903
473479
770515
681512
066592
640624
197103
786030
959927
824095
587146
067274
432168
312754
974523
259387
335142
937554
066150
787682
295238
367450
210568
120177
466223
898804
148698
439470
657704
107008
048199
014199
843302
248645
788259
497899
198053
631107
858785
795433
244088
657367
748772
972103
578820
052593
199809
594800
765157
148404
005842
276951
324770
872159
515922
550625
103770
226516
490714
458301
839988
805757
630432
299558
923965
516744
088003
593976
022423
202177
466910
645196
257146
744127
060570
668032
472892
380580
348857
307868
714024
672400
895134
426107
418258
400117
753009
409024
189782
758921
271053
877792
530037
422411
404149
481249
901844
469124
417166
313434
000273
610600
196705
102379
863032
943765
901643
239500
812033
223022
726667
167818
966266
349665
688997
436761
693322
872218
582600
634336
893016
653768
356592
574684
103840
680485
297836
831376
628578
506953
003071
047977
793449
107768
305659
229949
092403
243908
510770
670149
364945
302992
976621
218856
467826
516848
471196
335269
571642
392962
591338
432248
881538
339873
708851
581517
490591
143809
526114
736036
976979
739048
983916
082378
016175
747346
822999
750143
904037
443936
804413
168476
492632
698738
895637
308211
566219
679870
396104
054696
648599
342470
669285
265046
428818
885303
003806
882563
019370
681541
201616
327298
804387
793024
693583
694683
143714
892714
306515
812729
246407
625925
156030
185262
962480
260622
180228
908933
758959
487669
893670
518709
812123
875665
242682
030923
980969
243811
201781
231287
823916
203448
958528
566834
973580
504962
661471
124772
384597
175014
561188
300309
914331
580074
055115
247966
293774
990101
616289
673590
058075
452147
545464
787760
065164
781321
732817
115609
599120
345755
976133
432451
383027
588791
190734
384175
515500
463797
466635
424206
295172
802019
681133
554675
207204
775128
075651
792388
097260
135973
125835
353548
966175
457839
695335
064195
675678
185346
993101
945852
021215
601365
791951
282297
081048
767065
974435
133004
515003
955267
860864
232655
944326
829336
288229
011329
472416
405009
242977
668133
515450
493714
600198
882759
120492
020386
345124
049797
185124
581787
015442
413080
162939
144139
392951
110032
875780
770767
431598
021675
751059
992889
314202
450754
771996
688625
763191
042868
864558
682664
056775
649761
184418
845275
346237
034105
682840
795427
804952
044551
500017
106525
424746
144575
389298
335316
729101
988531
921362
214143
906620
649980
469906
517889
921015
486386
908847
899439
865827
514847
449124
869042
186400
710731
253557
958501
343893
848104
168506
891606
147424
762991
604572
646844
157792
692022
492245
706774
510797
180607
204129
116914
199754
472491
576219
044018
145308
391298
035586
783023
598295
985932
013502
707068
105500
625722
966957
610054
578558
196296
660771
100070
360561
396378
380385
642156
600557
498468
811856
185976
377458
744980
159158
537602
306613
589764
094624
344277
252990
811154
379198
347151
521561
813890
852598
638195
899034
992912
799644
997607
329647
779201
505768
094060
494694
318911
889859
742480
826414
117887
617588
216646
437500
929560
416186
647020
045398
559166
790533
228266
454680
648526
355310
357724
113895
887953
410800
924384
318719
792357
264490
276233
999054
483126
744439
421305
959051
614062
407983
630990
741275
710918
830579
075599
011716
058588
749122
526145
085355
634499
035376
029856
271608
141007
845431
587086
784822
175567
207844
585259
130653
888124
598988
309697
377272
978268
604750
518184
976032
831117
354739
565187
080797
207371
781243
529162
849783
328865
460948
200267
165411
114287
146966
027874
619198
459933
179807
418404
795386
686432
021977
983093
690127
736049
169672
002370
857303
742572
704660
095899
235762
001576
371273
282214
951785
610937
283237
691620
047826
190394
745056
019371
195385
528228
013591
695153
586691
856302
813542
631603
490423
569435
994972
518207
492603
479910
912152
238781
487921
298704
922893
574522
074459
071036
732383
732708
124515
949552
153754
938782
068159
476376
749958
690541
946355
467351
059256
779215
653381
253034
445187
754197
447488
340215
193175
233923
793699
360708
038823
817047
081222
747422
909872
409451
143633
196620
192708
899031
854159
931011
979076
623113
753256
909825
090486
872468
422346
853575
892044
517034
753811
466584
732092
399503
787144
851233
024436
877134
050524
423857
867285
844908
955739
205294
835837
725548
102419
418979
940927
113930
953109
657186
237193
280411
229000
108229
707609
304072
722701
496824
734428
577591
741382
029143
348551
227768
823698
791983
712055
332668
932967
424532
405046
271276
211766
399234
203068
165477
833304
939672
418872
925132
921722
073558
960401
055463
030994
681434
602270
761388
636684
571906
136830
523927
180624
754158
456182
842220
177316
451182
397452
313404
836714
210307
999390
073446
448265
635993
691897
832182
619403
355156
050535
163209
998974
411445
034780
417778
938189
981620
766182
681620
255712
410409
876513
261061
431299
031952
261865
474247
757846
736486
110201
933519
001196
141528
190170
981079
148775
883611
858691
845085
451767
075005
435078
425690
763521
269554
266128
682581
525712
441213
780865
531837
050932
662509
074022
018049
342638
075258
176313
913504
265603
170651
323485
761151
557064
072418
536682
573426
886352
164796
205990
926003
557342
204500
615526
341714
007692
411023
483079
737964
102919
366780
294402
873811
921350
539635
333892
224849
759365
585355
402688
527973
850677
765617
877458
218781
679313
114694
822279
094499
790201
513784
322651
887887
896412
565255
216037
906346
299992
796494
386210
668537
621733
712624
690975
098395
410623
496095
851656
093651
531861
730628
408100
092044
681404
506798
103275
303138
182693
102515
830678
450359
091743
805119
761785
309469
919556
873026
487802
276928
931184
351848
547545
388524
285358
138026
741418
914330
606916
801621
803823
250261
659582
565464
941245
316137
073608
330912
357333
984778
510778
233453
488180
178345
796164
111303
059302
741443
527182
493118
597244
679014
038059
000569
306756
598394
193507
169048
117401
797654
403814
698488
221821
622924
828613
706736
331163
327732
777133
181506
081164
778319
088034
957677
277599
609550
014515
701220
136292
221177
907519
689319
383963
333958
704175
280971
779074
573466
476792
185864
867496
544973
058672
187121
670605
445109
855710
609576
385938
839449
122626
724953
327048
456117
850867
775692
336215
968565
265772
675671
762018
874567
129131
803717
680696
158225
708141
109962
962195
938894
800437
336497
986018
483713
781778
446111
578696
119007
574300
211755
498638
308674
772978
820150
497578
945995
235894
304738
195136
050409
155374
505591
146701
107496
890605
408451
582086
712771
115432
149049
828778
664925
373417
051179
352952
787083
345983
473127
588534
792452
120980
478862
721106
548906
312614
611300
513349
645213
562336
931103
302274
223278
194944
708323
477143
306351
682716
451473
301612
465529
702535
305419
487285
813245
837547
177289
048987
931338
127065
237212
628186
407883
579327
441430
791891
433296
785866
397383
572752
494355
844468
480235
527472
842508
786380
093786
783522
852253
537734
262462
801224
463453
778784
999907
184676
371009
979550
767119
704228
894914
231883
790004
884967
042802
848475
080645
431746
602753
849614
560810
737160
608586
396805
769919
161161
745592
027434
359687
343287
585557
108933
228757
554475
652012
243732
308716
775935
555149
997929
541477
210441
991787
703199
020172
206119
649615
454338
824776
537126
924851
707597
042526
974571
208768
190760
903179
135525
553801
341411
946269
357802
932712
684640
292421
660780
585761
801770
832850
748714
991361
000843
676156
695045
369906
588660
629816
533068
320504
607968
290873
972389
693950
461971
481117
544818
203758
655647
027492
312340
845732
516838
448324
821096
979468
446364
087433
924107
187461
502941
354711
534584
025423
346942
209844
772031
402903
313244
513689
942466
033505
336787
228042
854830
503496
912612
709487
430557
966545
982373
877817
170149
619310
032244
969547
807554
870616
111521
852179
925208
286362
027403
005029
316229
518258
506455
602196
323969
642702
956381
116818
735518
956309
957286
924616
971485
379608
864864
219118
452573
328313
466367
797311
852255
480345
613694
616550
984982
026809
653195
851241
396969
950406
821722
646541
280486
931536
072047
836972
250983
788821
825909
287522
018301
685811
032578
891682
938562
607683
242729
267265
738760
718118
844130
565969
987958
416534
493104
615408
944482
311889
499752
415840
123107
045354
504738
562161
894140
937503
298805
005057
199374
973225
782930
052952
244039
436431
256099
889869
751341
059778
469440
255159
634144
034466
139507
773519
656303
665383
288715
439210
838291
087104
070553
948530
617509
897292
871540
374292
609110
688311
043276
137515
408129
345907
289643
120792
533694
144479
358703
908676
075219
759951
116532
509241
346276
771320
016447
674651
438529
449229
158706
113096
015715
289816
908889
856171
878850
898982
006002
518802
469342
304358
629269
979620
697878
593192
690114
283692
861422
166604
325793
884141
296869
245620
608748
463265
367900
390940
402544
855234
280071
351970
058178
586480
973900
398556
287807
027369
673851
899074
556161
434736
779717
152608
679789
571556
146808
957794
024115
766634
181019
231997
111571
224922
368805
572496
403627
136239
468780
375209
418473
684930
512363
321937
336547
253327
626398
321601
187800
647842
793858
217121
438669
942510
200696
017934
022285
751052
991611
177267
653378
733435
945005
695285
545054
288804
115151
113632
528567
653324
040732
710710
797730
141227
049734
289859
839114
008345
091041
447036
537579
644994
006076
304501
095796
164954
276116
604520
360955
061250
538148
567070
702391
752627
225512
749794
011563
968634
672611
310308
971654
716706
348111
345053
508272
088082
903229
661861
671503
751456
985506
786416
006911
457937
715755
299635
422800
477765
319627
541952
938572
637212
393371
675297
985960
003557
594754
309610
326141
134746
162967
343884
100144
034017
148031
259111
026518
183484
578241
703857
738306
227968
269393
156347
733125
903375
617024
781963
434623
714686
059583
844035
509416
175650
254615
966560
481199
607469
068760
926589
260151
323669
436909
438384
101875
769743
969378
279987
847553
386584
749364
244868
953631
096104
420752
231206
821238
587079
651694
618684
267699
830825
809330
339966
500693
983653
125869
633870
157862
539442
678089
005391
784061
799273
022031
396643
312641
060363
234728
668076
855167
723959
021501
656004
519615
176084
187000
038530
079246
337826
678673
201253
279634
445605
811023
145292
394130
158454
937908
652387
805676
969056
070939
750892
615899
453870
795118
199395
830932
368717
190616
773443
740221
526758
055749
744662
814080
187185
516874
780409
701145
589600
842267
236798
942810
401220
553272
218934
454722
995016
343774
371715
146147
947698
253800
885603
013605
177202
547748
488561
115005
943580
913839
808306
995943
204184
037595
794851
345255
564867
300473
090737
771350
660662
348741
274368
577230
534322
280561
080417
793470
530776
827379
789920
690043
606181
209931
963308
818774
030375
992498
578732
771902
723842
377425
478332
138160
158239
274410
727186
635808
131221
530108
114840
581449
674333
397614
220485
146566
869911
208148
031249
613518
252540
611643
111175
764843
234463
416741
754669
552564
920619
034100
404258
426068
959016
632599
776357
397217
870998
996383
970799
404134
693631
294071
763223
494583
608345
987374
431978
528016
263236
501134
124406
472616
346714
872182
817048
136459
126592
688807
981319
503268
986363
600140
854907
541550
022097
075178
264516
834035
609608
536469
248213
893945
341141
391748
313967
030342
403344
079979
023997
274416
499585
545950
338215
617586
804873
076810
417262
978005
996356
569002
577062
829171
440594
362367
305457
182839
131979
396271
613635
126923
150106
857135
589433
954376
140495
752735
114600
960929
091087
596538
875867
185728
624792
248018
428144
386979
228899
969849
531332
794386
764905
776193
562533
226258
841974
145119
332324
712090
259715
610058
198753
696431
916674
832514
546297
698266
664898
690738
069366
344495
465932
526455
274503
960781
148156
360105
995322
942120
069276
419077
952747
969769
958168
830833
439682
081028
846531
166465
876300
046586
743024
328257
878564
664134
248224
447723
932122
318074
865761
776656
637904
977297
305649
505126
298130
114724
815997
536212
602643
481958
779647
071196
780020
694790
927099
703376
721765
316583
251357
344526
237396
420871
307331
940565
149607
839692
732298
860912
200535
314072
369098
301784
961753
235886
162257
264795
354477
927852
411753
270777
613493
579029
096297
070236
620788
421838
959236
094331
994920
222151
927910
029900
192268
655821
646709
354560
883718
364104
652147
325417
771286
749320
590801
935251
628934
308314
370253
832538
510330
417943
644704
106349
362404
351097
038294
015857
404786
749220
715161
681613
284554
387977
642703
262510
922227
752557
416160
484158
597463
081567
055933
022664
006153
452853
004142
481075
016191
786605
592863
624358
638586
907621
742773
419951
556773
316111
537339
653971
846828
686568
397115
115553
356452
593933
197790
596727
014686
688270
693419
297245
844352
684357
937728
411376
417017
481576
548208
761513
676513
297181
893797
041444
050626
563814
431363
013051
825429
488837
899433
232025
697181
610226
232719
190828
903652
817784
044641
783278
292776
734792
159795
915229
901640
103399
702551
372141
274345
748562
284087
944666
526377
232564
407221
699196
288638
055232
992308
146232
009342
430730
844381
840136
816814
157552
389554
882251
439348
636202
686420
047573
658871
822360
095650
496341
293745
312936
557728
011519
806190
741881
133321
061963
378026
401553
545404
855797
340019
860685
689950
534867
709281
324049
650946
526727
690566
377028
797485
166046
388167
237761
574865
871776
847887
882255
997344
209298
168859
252356
219993
360286
686750
835978
658288
212071
062708
219617
529451
781279
920123
245328
380093
323424
313291
976847
251530
217546
417704
366275
578607
404919
244594
301285
107709
634872
033652
177071
915665
996147
328947
154319
778444
731188
982757
262401
054206
953139
052689
779954
799295
898708
977636
169935
619960
557571
737990
579966
046819
206529
490443
392377
059434
841595
727819
529736
752594
436389
051754
735301
837765
944748
413093
494492
174190
760779
736786
456032
411887
540044
392136
823518
616583
990282
813224
929379
497183
726379
451309
712871
539427
935115
539399
627172
842313
970078
783303
518131
545371
338943
573372
285217
045364
457024
977057
353108
390861
583307
524339
229442
233922
303712
205162
449272
838735
292818
312988
626020
638833
535674
560087
039362
583995
149849
346439
969477
559210
657897
107576
840697
582518
885742
954803
484069
327824
372290
278090
552573
093912
476086
901878
251591
925541
676374
072178
371391
643382
137531
024984
741515
832753
474674
342161
259131
948260
175637
327000
250463
504600
890883
881959
544899
590723
421510
529855
697108
225421
439589
402091
292387
197604
324482
338944
754374
590708
954614
087043
998066
029470
858796
579007
906188
674501
426526
275675
275534
997787
011358
195298
886124
437763
253384
143803
380658
959811
996909
593561
865020
721065
531218
364771
800388
042223
932342
094850
733202
684509
119384
708144
580304
329636
335163
050729
945135
062381
302053
748135
416913
643394
705289
910677
750843
754951
605877
953322
703609
812939
141217
570400
095325
897206
989487
914162
783235
142664
046548
469445
753731
266714
758721
338056
020594
731400
380812
126921
879506
151272
900380
919287
693939
376318
624412
969697
409884
130566
257757
543606
540557
801150
432081
245284
828443
396479
956452
493240
394279
219872
197123
476278
188117
104911
473166
733428
018017
908709
600573
462969
099119
074622
285397
423009
100478
147894
281111
582620
988507
468434
357538
737759
562298
915534
375032
258000
791963
664514
084500
220686
407876
429920
571320
212051
330283
467093
719894
551671
127967
872706
256895
547592
116617
494808
591217
604909
952578
497586
263851
823904
516219
382450
121611
686418
018309
376588
887752
865305
830851
058469
366531
375657
937306
376095
800056
220761
475060
647463
074744
146209
063146
828877
120069
068464
633504
992390
121983
056924
969430
055551
188489
650839
066831
320071
573415
637955
690422
162480
816740
449526
187557
042066
015548
768984
732928
491611
496035
485245
342391
190619
241325
702324
676638
848761
052548
825275
146385
064037
594751
454236
087860
103816
707810
833792
699387
405458
627621
951773
336413
727992
031159
031409
892181
153898
434715
367012
964580
513768
179335
361565
853862
219781
273139
991572
876024
614405
211192
812344
058276
727100
501253
424498
523829
672645
629189
610670
503644
190955
633025
268121
705553
965002
156384
056434
256663
643908
290792
226495
012331
105063
029093
451796
582764
896936
383155
888184
774897
221114
441285
302693
865473
043857
206626
444587
976974
789324
537718
555532
425947
041958
497009
629916
938190
542416
908779
763074
111656
114254
204324
382083
551374
863238
345748
899431
167716
412091
250110
282579
469510
852739
731929
235690
313057
716591
922917
699110
820562
282237
161992
321573
825020
362480
305040
777927
114265
090744
943116
062524
180544
848848
852361
750333
226137
488362
844376
874932
283172
987171
852518
971479
689512
303832
747725
678430
030167
608447
316839
766342
024648
019342
415163
585882
831472
320329
286313
925407
355405
901200
454028
152998
551596
107298
557535
041761
777050
253336
970030
553594
355904
261095
173235
726298
495133
982312
212214
810746
032049
213654
153590
467622
698670
377114
659481
464177
017221
944869
062468
936625
481647
793156
019760
522419
805242
529435
248660
696184
675021
522172
978528
008220
561223
743128
593619
257377
566769
355347
312321
998428
